2.065667956709067443e+00
8.830231222572779703e-01
2.232062664155525233e+00
2.890346780840570950e+00
8.213841162078782121e-01
1.770856269811726946e+00
1.816921600688333083e+00
1.759530526793532834e+00
7.469367346577930888e-01
2.862972133399256602e+00
1.396663597991119277e+00
2.554585150166270857e+00
2.128489898420762749e+00
9.625671574798875252e-01
2.460013677137184107e+00
1.249866648456255502e+00
2.655199271622368684e+00
1.785691330643990327e+00
2.657032549379072961e+00
2.108341611225521106e+00
2.203237411476957508e+00
1.553840707587436532e+00
2.872642540697349478e+00
1.967571577765948598e+00
1.329179640818721087e+00
1.858540320970980764e+00
1.556602750970672300e-01
9.745669683561930530e-01
2.014503258728786328e+00
9.412250609102877918e-01
1.892244744096640563e+00
1.343429232742721746e+00
4.928747862451056116e-01
9.650187452724892090e-01
1.752898241033668203e+00
1.813531007619702429e+00
1.765543221663778528e+00
1.994282377585687493e+00
1.991099483004897808e+00
1.351113462758524619e+00
2.699985127968082654e+00
1.165929423138899912e+00
1.364008283270317756e+00
2.686577729545449156e+00
2.437962568233648764e+00
2.141276892267062415e+00
2.766499579859553304e+00
2.171299768692423360e+00
2.996656319046812733e+00
